101 01 11

101 11 10

101 10 01

010 11 11

010 11 11

010 11 11

010 11 01

010 10 10

010 10 10

101 01 01

010 10 01

001 11 10

101 00 01

101 01 01

010 00 00

010 00 00

010 01 01

010 00 01

010 01 01

010 01 01

010 01 01

010 01 01

101 10 11

010 01 10

001 01 00

101 00 01

101 01 01

010 00 00

010 00 00

010 01 01

010 00 01

010 01 01

001 00 01

101 01 01

010 01 01

010 01 01

000 00 01

010 00 00

101 10 00

010 10 00

010 00 00

010 00 10

001 00 01

101 00 11

101 10 01

010 10 10

010 10 10

101 11 01

010 11 11

010 10 11

000 01 10

010 01 00

001 01 10

101 00 10

101 11 00

010 00 00

010 00 00

010 11 00

010 00 00

010 00 11

010 00 11

101 10 00

101 10 00

101 10 00

011 01 10

110 10 00

110 10 10