101 00 01

101 01 01

101 10 01

101 11 01

010 11 10

010 10 10

010 11 11

101 00 00

010 00 11

010 11 11

001 11 01

010 11 11

001 11 10

010 11 11

101 01 00

010 01 11

010 11 11

101 10 00

010 10 11

010 11 01

010 11 00

101 00 00

001 11 00

101 00 11

010 00 00

010 10 00

110 10 10

101 00 01

101 01 01

010 01 01

010 00 00

010 00 00

010 00 00

010 00 00

001 00 01

101 00 01

101 01 01

010 01 01

010 01 01

010 00 00

010 00 01

000 10 01

000 11 00

101 01 01

101 00 11

010 01 01

010 01 01

010 01 01

010 01 01

010 00 00

010 01 00

011 10 11

110 10 01

101 00 01

101 01 01

010 00 00

010 00 00

010 00 01

000 10 00

010 10 01

001 10 00

010 01 01

010 01 01

010 00 01

010 00 00

110 10 00