101 00 01

101 01 01

101 10 01

101 11 01

010 11 10

010 10 11

010 11 11

101 00 00

010 00 11

010 11 11

001 11 01

010 11 11

001 11 10

010 11 11

101 01 00

010 01 11

010 11 11

101 10 00

010 10 11

010 11 01

010 11 00

101 00 00

001 11 00

101 00 11

010 00 00

010 10 00

11010 10

101 00 01

101 01 01

010 01 01

010 00 00

010 00 00

010 00 00

010 00 00

001 00 01

101 00 01

101 01 01

010 01 01

010 01 01

010 00 00

010 00 01

000 10 01

000 11 00

101 01 01

101 00 11

010 01 01

010 01 01

010 01 01

010 01 01

010 00 00

010 01 00

011 10 11

11010 01

101 00 01

101 01 01

010 00 00

010 00 00

010 00 01

000 10 00

010 10 01

001 10 00

010 01 01

010 01 01

010 00 01

010 00 00

11010 00

100 10 11

101 01 01

101 10 01

010 10 10

010 10 10

010 10 10

010 10 01

011 00 01

11010 10

101 00 01

010 00 00

010 00 00

001 11 00

101 01 01

010 00 01

101 01 00

001 01 00

101 00 01

101 01 00

010 00 00

010 01 00

010 00 00

010 00 01

101 01 00

001 01 00

101 00 00

101 01 11

000 11 00

010 11 01

001 11 00

101 01 01

000 11 01

000 10 11

010 01 01

101 00 01

010 01 00

000 01 01


11011 01

101 11 00

101 00 11

101 10 00

010 00 00

010 00 00

010 00 00

010 00 00

010 00 00

010 11 00

010 00 11

010 11 00

010 10 11

101 10 01

101 00 00

010 10 10

000 10 10

011 10 00

011 00 00

11010 11

101 11 01

101 10 00

010 10 01

11001 10

101 00 00

010 11 11

010 00 11

010 11 11

010 11 00

000 00 11

010 10 00

001 10 11


101 10 01

010 10 10

000 11 10

101 00 11

010 11 00

001 11 10

101 00 11

101 11 00

101 10 00

010 00 00

010 00 00

010 00 00

010 00 00

010 11 00

010 00 00

010 00 11

11010 00
