101 01 01

110 11 10

110 11 10

110 11 10

110 11 10

110 11 10

110 11 10

010 01 01

101 10 00

010 10 01

010 10 01

010 10 01

101 11 01

000 00 11

010 11 11

001 10 11

101 01 00

010 01 00

101 11 01

010 11 11

010 11 11

010 11 11

101 00 01

010 00 00

010 11 00

101 00 01

010 11 00

110 11 11

110 11 11

100 10 01

101 01 00

011 01 00

110 10 11

101 01 01

000 01 01

110 11 01

010 10 01

101 00 01

010 00 00

001 10 00

110 11 01

110 11 11

110 10 11

110 11 11

110 11 11

110 11 11

101 01 00

000 11 01

010 01 10

101 00 01

110 11 00

010 11 00

101 10 01

010 10 10

010 10 10

010 10 10

010 10 10

010 10 10

010 10 10

100 11 00

101 11 00

011 11 00

110 10 10

101 00 01

110 10 00

101 00 01

010 00 00

001 10 00

101 00 00

110 10 00