101 00 01

000 00 00

101 01 00

101 11 01

101 10 01

010 11 11

010 11 11

010 11 10

101 01 01

010 01 01

010 01 01

010 11 01

011 00 10

110 10 11

101 00 01

101 01 00

010 00 00

001 01 00

101 01 11

110 10 01

101 01 00

101 10 01

101 11 01

010 10 10

010 00 10

010 10 10

001 01 10

010 01 10

010 10 10

010 10 11

010 01 00

010 01 11

001 11 01

101 01 01

010 01 01

010 01 01

010 01 01

010 01 01

010 01 01

101 10 00

010 10 01

010 01 01

010 01 01

010 01 10

101 10 10

010 10 10

010 01 10

101 00 01

010 00 00

101 11 00

010 11 00

010 00 00

010 00 00

010 00 11

001 01 00

101 01 01

101 01 01

010 01 01

010 01 01

010 01 01

101 00 00

010 00 01

010 01 01

010 01 01

010 01 00

101 00 01

010 01 00

101 10 01

010 10 10

010 10 10

101 11 00

010 11 10

010 10 10

010 10 11

001 01 10

101 00 10

010 00 00

010 00 00

101 01 00

010 01 00

010 00 00

010 00 00

010 00 01

101 01 01

010 00 01

101 01 01

010 01 01

010 01 01

010 01 01

010 01 01

101 10 10

010 01 10

001 00 01

101 01 01

101 01 01

010 01 01

010 01 01

010 01 01

101 00 00

010 00 01

010 01 01

010 01 01

010 01 00

101 00 10

010 01 00

101 00 01

010 00 00

010 00 00

010 00 00

010 00 00

001 01 00

101 00 01

010 00 00

101 01 00

010 01 00

010 00 00

010 00 00

010 00 00

010 00 01

101 01 01

010 01 01

010 01 01

010 01 01

010 01 01

101 10 11

010 01 10

001 01 00

101 01 01

010 01 01

010 00 01

101 01 01

010 01 01

010 01 01

010 01 01

010 01 00

001 01 00

101 01 01

010 01 01

010 00 01

101 01 10

010 01 01

010 01 01

010 01 01

101 10 00

010 10 01

010 01 01

010 01 10

001 01 00

101 01 01

010 01 01

010 00 01

101 01 10

010 01 01

010 01 01

010 01 01

010 01 01

101 10 00

010 10 01

010 01 01

010 01 01

010 01 10

101 10 10

010 10 10

010 10 10

010 10 10

010 01 10

101 10 01

010 01 10

010 01 10

010 01 10

001 01 00

101 01 01

101 10 01

101 11 00

010 01 01

010 01 01

000 01 01

000 11 11

100 01 11

101 01 01

101 11 00

010 01 01

010 11 01

010 01 01

010 01 01

010 01 11

000 01 01

011 00 10

110 10 01

101 00 00

101 01 01

101 10 01

010 01 01

010 01 01

000 10 01

101 01 01

101 11 00

010 01 01

010 11 01

010 01 01

010 01 01

010 01 11

010 01 11

000 01 01

011 10 00

110 10 01

101 00 01

101 10 01

010 00 00

101 01 00

010 01 00

010 00 00

010 00 01

000 11 00

010 00 10

000 10 00

100 10 11

101 11 01

101 01 01

010 01 01

010 01 01

010 01 01

010 01 01

000 01 01

011 00 11

110 10 01

101 11 01

010 10 11

001 10 00

010 00 11

000 01 00

101 10 10

101 11 00

010 11 00

010 11 10

010 01 11

001 01 00

101 01 01

101 00 10

010 01 01

010 01 01

010 01 01

010 01 01

010 01 00

000 01 01

110 10 01

101 00 01

101 01 00

010 00 00

010 01 00

010 00 00

010 00 01

001 00 00

101 00 01

010 00 00

101 01 00

010 01 00

010 00 00

010 00 00

010 00 00

010 00 01

000 00 00

110 10 00

101 00 01

101 01 00

101 10 00

101 11 00

010 00 00

010 01 00

010 00 00

010 00 01

010 10 00

010 10 01

000 11 10

101 01 00

001 01 10

001 11 00

101 00 01

101 01 00

010 00 00

010 01 00

010 00 00

010 00 01

000 01 00

101 10 01

000 10 10

100 10 01

101 11 01

101 01 01

010 01 01

010 01 01

101 10 00

010 10 00

010 01 01

010 01 01

010 01 10

000 01 01

011 00 11

110 10 01

101 00 01

101 01 00

010 00 00

010 01 00

010 00 00

010 00 01

000 01 00

101 10 01

000 10 10

101 11 00

010 11 10

110 11 11

101 10 01

010 11 10

010 01 11

001 01 00

101 01 01

010 01 01

010 01 01

101 10 00

010 10 00

010 01 01

010 01 01

010 01 10

010 01 10

101 10 10

010 01 10

000 01 01

110 10 01

101 00 01

101 10 01

010 00 00

101 11 00

010 11 00

010 00 00

000 01 00

010 01 10

001 01 00

101 01 01

010 01 01

010 01 01

010 01 01

101 00 00

010 00 01

010 01 01

010 01 00

000 01 01

110 10 01

101 00 01

101 01 00

101 10 01

010 10 10

010 00 00

010 01 00

010 00 00

010 00 01

000 00 00

001 00 10